Techniques=AmbientLight,Clarity,Curves,BeautifySSGI
TechniquesSorting=AmbientLight,Clarity,Curves,BeautifySSGI

[AmbientLight.fx]
alDebug=0.000000
alInt=11.048000
alThreshold=15.000620
AL_Adaptation=1.000000
alAdapt=1.935000
alAdaptBaseMult=0.000000
alAdaptBaseBlackLvL=4.000000
AL_Dirt=1.000000
AL_DirtTex=1.000000
AL_Vibrance=1.000000
AL_Adaptive=0.000000
alDirtInt=0.999992
alDirtOVInt=0.999967
AL_Lens=1.000000
alLensThresh=0.499991
alLensInt=1.999953

[Clarity.fx]
ClarityRadius=2.000000
ClarityOffset=2.000048
ClarityBlendMode=2.000000
ClarityBlendIfDark=75.000000
ClarityBlendIfLight=239.000000
ClarityViewBlendIfMask=0.000000
ClarityStrength=0.399997
ClarityDarkIntensity=0.399999
ClarityLightIntensity=0.000005
ClarityViewMask=0.000000

[Curves.fx]
Mode=2.000000
Formula=7.000000
Contrast=0.650017

[BeautifySSGI.fx]
RT_SAMPLE_RADIUS=19.903999
RT_QUALITY_PRESET=0.000000
RT_AO_AMOUNT=5.454000
RT_IL_AMOUNT=4.040000
RT_FADE_DEPTH=1.000000
g_sldDepthInvertZ=1.000000
g_sldDepthInvertY=0.000000

